u=2.5555555
width_adj=0
serif_fit=0
cap_serif_fit=5.8
letter_fit=0
body_height=7.18888888888889
asc_height=7.2
cap_height=6.88888888888889
fig_height=6.88888888888889
x_height=4.65277777777778
math_axis=2.5
bar_height=2.89444444444444
comma_depth=1.68888888888889
desc_depth=2.13333333333333
crisp=0
tiny=0
fine=0
thin_join=0.194444444444444
hair=0.347222222222222
stem=0.811111111111111
curve=0.888888888888889
ess=0.875
flare=0.819444444444444
dot_size=1.03888888888889
cap_hair=0.347222222222222
cap_stem=1.08888888888889
cap_curve=1.25555555555556
cap_ess=1.19166666666667
rule_thickness=.5
dish=0
bracket=0.944444444444444
jut=0.727777777777778
cap_jut=0.961111111111111
beak_jut=0.0666666666666667
beak=1.14722222222222
vair=0.347222222222222
notch_cut=10
bar=0.305555555555556
slab=0.177777777777778
cap_bar=0.388888888888889
cap_band=0.305555555555556
cap_notch_cut=10
serif_drop=0.6
stem_corr=0.0277777777777778
vair_corr=0.0277777777777778
apex_corr=0
o=0.291666666666667
apex_o=0.141666666666667
